| slit |                    name | obj_id | maskdef_id |  objname |     objra |   objdec | spat_pixpos | spat_fracpos | box_width | opt_fwhm |   s2n | maskdef_extract | wv_rms |
|  459 | SPAT0459-SLIT0459-DET01 |    459 |         27 |    BX681 | 356.56475 | 12.83155 |       459.0 |        0.455 |      3.00 |    1.189 |  0.10 |           False |  0.149 |
|  584 | SPAT0598-SLIT0584-DET01 |    598 |         22 |    BX659 | 356.56980 | 12.82930 |       598.5 |        0.596 |      3.00 |    1.879 |  0.18 |           False |  0.073 |
|  584 | SPAT0601-SLIT0584-DET01 |    601 |         22 | SERENDIP | 356.57003 | 12.82929 |       600.7 |        0.620 |      3.00 |    1.752 |  0.15 |           False |  0.073 |
|  687 | SPAT0692-SLIT0687-DET01 |    692 |         31 |   fBX127 | 356.57005 | 12.80698 |       691.8 |        0.503 |      2.00 |    1.198 | -0.15 |            True |  0.067 |
|  687 | SPAT0722-SLIT0687-DET01 |    722 |         31 | SERENDIP | 356.57137 | 12.80682 |       721.8 |        0.907 |      3.00 |    1.622 |  2.11 |           False |  0.067 |
|  787 | SPAT0773-SLIT0787-DET01 |    773 |         24 |    BX512 | 356.57345 | 12.80901 |       773.0 |        0.327 |      2.00 |    1.198 |  0.25 |            True |  0.134 |
|  919 | SPAT0924-SLIT0919-DET01 |    924 |         15 |    BX418 | 356.57738 | 12.79649 |       924.2 |        0.505 |      3.00 |    1.449 |  0.65 |           False |  0.088 |
| 1083 | SPAT1105-SLIT1083-DET01 |   1105 |          4 |    BM118 | 356.58423 | 12.79518 |      1105.4 |        0.681 |      2.00 |    1.198 |  0.10 |            True |  0.110 |
| 1177 | SPAT1181-SLIT1177-DET01 |   1181 |          2 |     MD43 | 356.58526 | 12.78243 |      1181.2 |        0.468 |      3.00 |    0.791 |  0.24 |           False |  0.144 |
| 1252 | SPAT1253-SLIT1252-DET01 |   1253 |         20 |    BX665 | 356.59507 | 12.82987 |      1253.0 |        0.493 |      2.00 |    1.198 |  0.08 |            True |  0.078 |
| 1343 | SPAT1341-SLIT1343-DET01 |   1341 |          3 |    BM113 | 356.59263 | 12.79030 |      1340.6 |        0.417 |      3.00 |    1.632 |  0.34 |           False |  0.114 |
| 1450 | SPAT1453-SLIT1450-DET01 |   1453 |         11 |     MD41 | 356.59539 | 12.77951 |      1453.5 |        0.477 |      3.00 |    0.880 |  0.30 |           False |  0.107 |
| 1553 | SPAT1567-SLIT1553-DET01 |   1567 |         18 |     fC23 | 356.60705 | 12.82827 |      1567.4 |        0.618 |      2.00 |    1.198 |  0.10 |            True |  0.137 |
| 1668 | SPAT1644-SLIT1668-DET01 |   1644 |          1 |    RK120 | 356.60933 | 12.82396 |      1644.1 |        0.268 |      3.00 |    1.033 |  0.22 |           False |  0.037 |
| 1814 | SPAT1811-SLIT1814-DET01 |   1811 |         19 |   fBX165 | 356.61638 | 12.82670 |      1810.8 |        0.407 |      3.00 |    1.165 |  0.41 |           False |  0.053 |
| 1814 | SPAT1843-SLIT1814-DET01 |   1843 |         19 | SERENDIP | 356.61767 | 12.82655 |      1842.6 |        0.809 |      3.00 |    0.618 |  0.40 |           False |  0.053 |
| 1902 | SPAT1911-SLIT1902-DET01 |   1911 |         16 |    BX348 | 356.61434 | 12.78645 |      1910.5 |        0.535 |      3.00 |    1.178 |  0.40 |           False |  0.118 |
| 2000 | SPAT1983-SLIT2000-DET01 |   1983 |         14 |    BX587 | 356.62156 | 12.81759 |      1983.4 |        0.302 |      3.00 |    1.184 |  0.62 |           False |  0.088 |
| 2127 | SPAT2144-SLIT2127-DET01 |   2144 |         13 |    BX336 | 356.62303 | 12.78466 |      2144.4 |        0.586 |      3.00 |    1.364 |  0.33 |           False |  0.116 |
| 2245 | SPAT2257-SLIT2245-DET01 |   2257 |         10 |    BX628 | 356.63321 | 12.82426 |      2257.2 |        0.591 |      3.00 |    1.198 |  0.23 |           False |  0.060 |
| 2337 | SPAT2340-SLIT2337-DET01 |   2340 |         12 |    fBM47 | 356.63625 | 12.82238 |      2340.1 |        0.485 |      2.00 |    1.198 |  0.03 |            True |  0.040 |
| 2425 | SPAT2426-SLIT2425-DET01 |   2426 |          0 |    fBM40 | 356.63730 | 12.80677 |      2425.7 |        0.461 |      2.00 |    1.198 |  0.08 |            True |  0.055 |
| 2524 | SPAT2519-SLIT2524-DET01 |   2519 |         21 |    BX308 | 356.63686 | 12.77869 |      2518.6 |        0.402 |      2.00 |    1.198 | -2.20 |            True |  0.122 |
| 2644 | SPAT2647-SLIT2644-DET01 |   2647 |         17 |    BX523 | 356.64639 | 12.81045 |      2647.5 |        0.496 |      3.00 |    1.273 |  0.29 |           False |  0.122 |
| 2782 | SPAT2779-SLIT2782-DET01 |   2779 |         30 |    BX637 | 356.65365 | 12.82559 |      2779.1 |        0.448 |      3.00 |    1.465 |  1.39 |           False |  0.075 |
| 2945 | SPAT2942-SLIT2945-DET01 |   2942 |         29 |    BX675 | 356.66072 | 12.83034 |      2941.5 |        0.424 |      2.00 |    1.198 |  0.11 |            True |  0.069 |
| 3058 | SPAT3067-SLIT3058-DET01 |   3067 |         25 |    BX575 | 356.66356 | 12.81614 |      3067.3 |        0.549 |      2.00 |    1.198 |  0.13 |            True |  0.080 |
| 3383 | SPAT3417-SLIT3383-DET01 |   3417 |         23 |    BX595 | 356.67731 | 12.81898 |      3417.0 |        0.691 |      3.00 |    2.334 |  0.38 |           False |  0.046 |
| 3511 | SPAT3524-SLIT3511-DET01 |   3524 |         28 |    BX532 | 356.68041 | 12.81134 |      3523.6 |        0.583 |      3.00 |    1.385 |  0.23 |           False |  0.069 |
| 3634 | SPAT3596-SLIT3634-DET01 |   3596 |         26 |    BX454 | 356.68175 | 12.80134 |      3595.9 |        0.217 |      2.00 |    1.198 |  0.15 |            True |  0.059 |
